168 177 94 65 107 153 130 99 172 132 135 112 95 68 72 87 74 50 94 102 69 34 61 60 60 78 111 108 79 83 97 79 64 105 102 112 43 53 65 91 150 176 162 139 57 90 110 128 96 77 92 124 104 85 104 103 161 189 136 140 180 116 45 34 46 92 188 188 112 96 46 39 55 66 95 93 95 118 119 114 142 154 180 198 206 169 99 66 69 126 183 181 207 223 227 193 205 229 236 218
168 176 90 64 103 142 118 95 160 132 129 95 84 64 77 107 102 86 100 93 60 38 87 79 77 112 119 92 77 76 68 52 53 98 119 99 50 54 84 131 168 204 201 154 60 67 81 87 91 90 106 128 108 86 111 124 122 176 157 170 192 116 46 44 55 98 172 190 143 111 76 44 60 69 100 109 91 85 105 133 120 113 148 190 150 109 107 64 84 105 142 189 205 199 190 198 198 220 232 225
175 177 89 62 97 121 95 86 111 114 132 110 114 89 76 93 130 104 95 92 65 45 80 65 65 90 99 107 110 72 51 79 56 67 112 103 83 51 84 182 217 216 188 120 58 69 96 91 111 97 88 115 132 115 105 87 176 212 185 186 201 120 37 26 43 96 154 183 139 91 72 42 61 90 107 106 94 105 136 139 111 135 138 191 177 107 94 66 94 156 188 201 177 185 177 190 208 221 233 237
183 183 90 60 89 100 73 78 160 155 149 119 136 109 77 80 69 49 78 91 69 52 62 75 74 85 103 127 124 85 80 120 76 48 67 64 78 51 35 113 217 188 160 97 67 70 100 89 124 115 90 94 103 89 91 96 97 123 109 124 159 110 42 38 41 106 168 197 131 91 60 54 62 96 111 116 107 117 146 139 146 183 182 207 192 117 84 71 113 126 139 184 204 198 176 190 214 216 225 236
184 188 89 57 84 87 63 83 174 152 129 100 135 118 77 67 73 72 128 110 61 53 35 66 75 77 88 79 64 74 84 68 91 75 61 43 83 126 81 93 116 109 133 111 93 71 96 91 111 105 88 102 115 98 96 97 103 129 129 132 146 93 30 36 41 95 159 205 149 143 55 51 47 66 101 126 103 75 99 132 198 199 229 208 126 90 95 81 96 117 137 159 210 204 193 194 196 195 207 226
182 192 91 52 80 84 64 95 156 120 99 83 120 111 79 66 71 74 106 84 62 94 72 84 84 73 90 105 100 115 115 78 81 83 82 77 94 132 123 153 97 83 104 94 90 81 108 104 105 84 73 113 138 127 123 113 136 143 136 130 143 100 36 42 41 73 133 192 185 200 72 35 74 92 140 151 141 146 144 152 222 216 223 179 116 98 89 89 75 145 179 150 190 200 207 199 187 186 198 221
183 200 96 50 76 83 67 105 190 137 111 82 94 92 97 111 107 95 69 74 60 68 56 50 65 62 88 125 133 118 105 104 67 54 77 92 85 50 79 137 161 135 118 84 70 86 111 99 111 86 84 109 97 89 136 168 150 145 135 126 140 107 41 45 51 89 141 179 199 194 94 36 60 91 145 117 134 201 173 138 211 216 178 151 142 108 83 83 96 109 109 137 199 203 187 201 199 189 185 192
188 210 103 48 74 79 66 106 139 103 114 104 106 99 117 140 129 125 80 127 91 37 57 78 77 115 123 111 108 90 83 105 69 42 75 99 126 77 111 126 138 148 147 108 76 100 127 112 106 72 81 126 114 93 118 124 75 98 125 128 132 95 36 52 41 102 152 154 168 125 86 30 64 90 156 119 129 200 168 152 196 175 142 150 107 72 97 69 103 137 118 129 169 200 173 179 207 185 161 148
195 209 101 55 82 81 88 71 129 142 137 123 114 99 70 150 171 132 107 137 95 61 71 95 128 109 83 63 70 74 88 109 74 62 152 115 105 118 141 169 185 155 121 142 82 117 137 93 100 75 56 105 140 137 136 101 104 102 111 138 130 80 41 47 45 98 173 193 171 166 80 32 56 114 139 132 140 183 143 137 166 162 154 153 129 101 103 89 96 105 117 156 162 142 160 186 174 168 172 158
196 213 102 51 78 78 85 70 150 154 145 125 105 90 76 165 165 177 157 134 75 73 83 69 70 86 90 103 120 115 114 111 60 42 112 119 85 58 69 133 147 153 150 155 75 83 129 135 121 78 76 102 118 120 120 128 158 146 129 128 148 111 62 39 56 105 158 167 170 184 95 36 69 108 134 126 121 133 119 142 140 153 158 152 109 73 80 77 100 123 110 119 143 142 157 178 168 161 169 162
192 214 104 50 81 85 96 86 152 124 102 98 96 97 84 160 167 143 104 106 77 82 85 66 84 101 81 89 86 73 80 77 57 46 79 125 167 176 131 108 140 127 112 108 71 85 146 179 154 102 98 84 74 90 102 147 143 152 177 202 227 120 44 37 56 122 169 168 174 189 96 44 73 102 130 112 115 127 154 198 166 153 133 129 112 94 96 80 111 137 111 110 154 171 163 151 178 169 180 178
182 217 107 49 87 98 112 109 166 125 97 95 95 88 62 123 152 139 137 164 110 70 75 89 71 99 91 124 110 74 71 76 66 56 54 62 140 190 208 192 145 108 84 89 92 88 101 111 91 71 81 81 80 96 112 143 156 183 203 186 204 99 46 51 49 125 179 185 194 195 92 51 73 109 143 128 151 173 214 231 199 153 95 83 84 90 94 70 115 145 150 169 206 227 224 192 171 159 171 177
176 221 112 47 85 95 107 108 152 140 132 127 112 91 62 135 165 185 179 159 76 47 57 61 62 92 105 164 146 102 90 117 69 52 109 143 217 175 182 190 167 135 116 110 104 86 90 116 140 107 87 116 116 97 122 140 101 105 140 177 226 108 37 46 57 122 175 189 195 184 86 63 91 113 151 168 203 209 226 212 214 173 114 80 61 60 79 71 106 101 104 116 114 146 199 200 186 167 170 175
172 228 113 40 74 77 83 83 133 143 133 128 132 116 76 150 191 205 191 166 90 70 81 80 93 100 109 156 131 106 89 140 102 45 117 153 231 163 157 158 190 160 139 122 91 88 106 156 150 94 70 148 170 136 166 195 235 203 186 180 193 94 39 53 67 134 194 194 162 142 74 80 114 106 130 185 221 215 230 225 223 195 144 109 83 78 98 90 125 97 96 131 143 168 214 215 224 198 182 162
167 231 116 37 69 66 66 65 146 160 126 107 130 120 63 135 142 166 189 197 104 48 59 89 83 92 120 160 140 137 90 131 90 53 140 144 189 165 179 190 181 149 132 127 81 82 67 96 117 63 69 144 165 126 114 131 206 241 224 161 132 96 58 30 66 135 207 204 160 146 88 80 119 107 118 186 206 208 233 241 223 183 123 95 83 94 113 97 105 109 118 178 233 235 235 238 219 198 174 133
161 231 118 37 71 68 66 66 132 166 131 98 121 117 75 167 205 194 173 166 90 51 64 84 80 88 120 144 127 147 78 109 84 37 120 126 156 170 181 205 178 139 118 120 69 91 77 104 112 56 59 80 99 109 99 121 169 172 198 236 199 99 39 53 62 113 185 208 201 210 124 62 108 124 139 197 191 197 213 208 226 179 109 71 61 81 111 103 130 146 102 99 141 143 173 244 194 187 174 134
140 212 117 36 77 63 76 60 125 143 138 117 113 115 78 125 190 161 162 208 135 38 61 66 66 98 123 149 188 162 61 111 80 50 122 162 156 147 159 145 152 142 123 101 87 91 99 98 114 91 72 175 180 116 131 208 182 175 160 151 206 98 29 42 65 112 173 203 180 228 107 74 133 110 151 190 231 213 208 224 220 198 210 167 68 73 72 65 102 120 123 141 157 156 177 194 203 191 148 140
157 220 113 35 72 71 69 43 115 143 135 110 111 113 72 125 148 139 154 207 139 40 61 67 65 93 120 152 192 159 57 108 67 49 132 181 174 138 140 142 146 112 133 134 76 87 160 184 194 123 103 161 212 165 175 199 185 172 156 141 184 90 33 39 58 110 184 210 161 180 75 76 132 110 149 192 213 206 207 226 233 180 166 157 99 102 91 66 91 101 91 112 150 179 205 211 180 180 140 121
125 191 94 39 86 111 95 59 127 167 150 116 122 118 68 125 170 174 180 212 138 39 55 65 66 87 114 155 198 158 54 111 83 47 100 150 166 132 128 139 131 112 144 138 69 86 180 229 182 100 96 121 158 143 145 149 172 155 139 123 149 78 37 32 54 117 199 209 148 163 72 80 134 111 148 194 188 193 197 214 219 146 105 135 118 122 103 58 87 120 120 128 144 158 184 191 156 175 147 130
154 210 105 48 80 120 97 61 130 176 152 113 131 129 68 124 138 158 157 182 125 40 59 72 70 84 109 156 202 160 58 119 107 63 92 124 144 118 115 131 116 142 149 114 80 99 158 207 173 100 107 142 130 156 134 145 141 128 121 109 121 70 38 24 50 123 202 191 146 183 95 79 135 112 145 196 170 183 180 188 174 140 109 139 105 90 89 54 101 109 102 132 172 189 191 180 169 222 218 172
161 205 101 37 64 119 115 98 109 156 133 99 126 134 73 120 167 195 175 181 132 48 52 59 75 81 105 155 204 165 63 128 106 92 134 146 141 110 107 123 124 147 151 118 87 101 146 180 182 88 97 136 132 167 130 128 120 115 116 113 115 72 40 21 50 114 193 180 144 178 94 76 132 113 147 196 170 180 171 169 156 175 171 171 101 74 81 62 114 114 107 142 171 172 189 207 209 203 159 112
163 201 117 41 53 81 71 55 108 152 136 101 124 136 78 116 156 186 146 137 105 46 60 76 76 82 102 150 201 167 66 128 108 88 134 152 148 127 129 131 153 131 155 145 75 80 142 159 188 91 112 123 142 147 138 130 117 121 124 125 120 78 36 21 59 106 192 190 145 148 71 83 128 116 151 188 176 180 171 167 179 194 187 183 142 136 112 66 124 143 154 168 148 111 140 188 157 166 174 143
119 158 108 42 63 75 69 55 114 159 152 113 119 133 82 110 172 210 157 129 101 44 56 74 72 82 102 146 198 166 62 116 112 61 104 140 148 140 149 145 162 138 158 144 73 74 130 138 146 90 116 111 112 106 117 122 119 129 126 130 124 78 31 27 62 107 201 196 145 133 64 88 125 121 156 170 173 168 167 175 189 176 166 169 168 185 128 67 125 127 121 141 144 118 125 143 108 98 140 156
149 168 117 38 56 60 66 59 102 146 150 113 109 124 82 107 105 166 137 127 111 52 53 65 69 81 101 143 195 165 58 106 101 48 105 152 147 128 144 149 144 163 159 121 92 99 120 130 122 103 109 126 97 113 110 118 117 127 120 126 122 73 24 31 55 111 205 187 143 141 72 82 127 127 160 156 166 153 160 178 165 154 162 160 148 164 108 72 112 114 98 103 111 104 126 145 115 81 127 158
136 188 113 46 61 63 60 56 95 133 139 127 133 151 67 118 153 151 138 138 115 39 54 77 75 78 103 141 203 171 83 121 83 97 137 140 143 155 141 152 154 142 167 138 90 97 121 153 134 95 125 117 115 114 115 125 123 126 130 121 127 73 35 23 53 115 203 200 137 140 59 79 121 121 159 169 158 157 147 163 162 150 180 186 141 132 122 75 107 99 98 97 97 112 128 127 94 93 119 151
144 193 111 41 56 61 59 54 81 169 190 145 136 172 95 125 189 214 202 163 121 62 73 51 73 76 101 138 197 171 96 136 119 132 155 153 150 154 150 155 143 136 165 140 89 121 155 130 130 95 128 121 124 122 116 117 128 126 133 133 138 73 30 24 53 110 178 203 153 141 70 75 109 123 155 153 148 163 155 153 168 170 149 139 138 124 105 82 96 85 100 121 126 131 131 110 98 116 140 144
160 207 117 42 55 58 56 49 112 230 255 185 146 169 92 112 169 170 182 187 136 55 73 74 69 73 101 139 186 163 103 137 169 181 176 170 156 143 146 139 142 131 150 134 80 116 165 113 123 92 127 122 128 133 128 126 132 128 138 142 145 74 28 26 56 113 169 210 164 141 79 81 115 128 151 142 132 143 146 148 115 128 114 137 162 150 122 73 171 152 161 163 133 128 144 140 142 147 154 147
171 223 135 53 56 54 52 46 91 201 226 182 146 152 80 115 170 141 168 214 155 36 58 87 71 77 108 145 180 157 115 139 152 169 159 163 156 142 156 143 144 138 145 152 114 119 161 120 123 94 131 119 124 132 132 132 132 132 141 137 139 72 29 22 54 113 187 212 161 149 77 85 122 121 142 158 150 146 165 191 189 172 176 215 208 195 173 70 184 159 167 171 147 163 210 227 178 148 144 164
164 226 147 61 56 50 49 47 75 169 185 167 149 153 88 122 161 161 193 212 146 46 63 68 75 80 110 148 175 165 147 165 199 212 195 192 179 154 158 136 132 143 136 149 145 137 142 111 124 98 134 122 120 122 121 124 130 136 140 129 130 70 30 19 50 103 207 210 166 184 73 79 131 130 154 199 220 225 243 255 232 199 185 199 183 179 160 69 126 107 125 161 180 206 230 225 190 152 136 146
144 216 144 60 53 48 49 50 90 184 182 158 153 167 98 109 155 177 205 205 143 54 66 62 70 72 103 147 172 176 182 193 203 214 214 219 222 218 221 211 172 183 154 130 140 149 143 118 119 88 127 124 125 122 118 124 130 135 142 134 134 69 28 20 53 96 214 212 179 214 80 77 112 122 140 188 226 242 238 203 176 177 173 176 201 201 150 100 121 125 144 169 184 190 179 163 150 142 142 143
132 206 136 53 49 46 48 48 70 164 157 140 144 165 103 107 186 205 219 214 154 49 53 62 65 71 109 162 184 189 202 199 212 210 217 213 216 226 222 222 236 226 211 168 143 158 172 177 137 90 120 121 130 126 124 135 133 129 143 156 154 70 22 24 55 100 203 205 165 191 82 91 132 144 157 203 229 228 221 183 135 137 164 167 196 204 130 85 142 164 165 158 166 164 155 157 142 135 139 142
133 204 131 48 48 47 48 45 75 160 152 145 149 156 96 110 164 203 211 192 143 53 56 60 68 82 130 190 208 207 210 194 212 201 214 203 212 235 228 239 232 211 245 218 151 146 178 220 177 110 122 118 127 124 124 139 137 123 145 177 174 72 17 30 49 103 186 190 131 137 72 104 115 125 144 199 207 183 198 195 159 110 153 150 146 190 146 90 155 167 142 124 150 164 153 155 151 119 121 152
154 161 124 48 51 47 59 52 81 169 171 143 163 139 86 113 156 170 159 164 121 61 78 70 97 163 176 186 199 199 211 205 208 211 214 209 194 184 190 205 217 216 220 217 194 165 155 162 179 183 153 115 136 148 127 144 125 151 176 173 128 59 25 34 44 84 164 178 123 123 59 100 120 124 160 202 204 181 173 174 157 105 124 139 151 148 97 90 121 116 129 125 109 138 171 161 132 114 186 199
149 161 105 51 52 41 54 66 93 156 171 148 152 137 97 104 152 171 180 197 138 60 76 88 126 157 143 141 155 159 169 163 180 183 185 177 161 147 148 156 180 203 217 215 219 219 185 140 144 187 208 159 129 145 138 126 147 172 187 171 124 60 24 25 62 100 182 183 127 130 60 107 126 122 148 188 194 177 166 162 153 115 132 138 150 152 102 85 104 102 117 117 100 120 151 148 124 137 195 197
151 172 81 53 55 43 61 94 104 145 178 157 147 138 108 98 171 173 174 198 138 62 75 103 135 162 164 171 177 175 190 198 190 196 207 213 214 212 215 220 197 218 225 217 228 238 205 153 145 154 208 211 159 133 131 134 149 167 172 152 113 61 28 25 60 100 188 178 125 142 63 116 139 130 144 172 177 163 153 148 140 116 127 124 137 145 106 91 124 117 124 117 89 88 105 103 117 165 195 187
157 188 68 56 59 59 77 112 97 143 191 160 156 141 109 107 194 187 173 183 117 67 95 142 155 165 177 189 192 185 193 204 203 203 204 201 195 186 180 177 186 191 197 201 199 193 185 180 185 145 185 235 218 168 139 147 150 149 143 130 106 62 32 33 60 99 187 175 133 152 62 114 139 133 144 163 160 152 154 156 149 132 132 123 127 125 98 100 138 127 129 126 107 101 110 111 118 174 169 160
152 189 67 62 64 72 74 92 72 139 198 158 169 143 98 116 195 199 188 184 118 101 134 182 184 144 122 121 128 129 120 117 118 122 128 136 147 155 159 161 163 171 193 214 216 204 211 231 227 184 162 165 196 214 192 185 164 144 126 122 105 60 33 39 70 114 190 185 149 156 57 103 126 131 145 156 148 149 166 179 179 166 158 152 142 110 82 101 125 113 111 114 112 110 112 112 147 184 151 144
136 168 72 66 66 70 51 57 49 124 199 153 171 139 94 118 190 190 175 185 143 152 148 157 97 50 32 27 27 34 27 26 26 28 28 30 35 41 45 44 53 63 78 87 92 97 104 110 157 139 121 115 160 207 194 176 153 135 119 116 104 63 38 46 65 118 181 193 163 152 59 100 128 135 148 149 137 140 162 177 180 177 168 169 158 110 79 97 112 108 105 108 118 123 119 113 186 201 160 153
128 137 72 67 59 55 34 47 45 100 197 153 161 137 100 108 182 174 159 174 134 141 109 104 53 25 41 39 31 42 39 44 31 36 35 31 32 36 39 36 32 36 32 25 27 36 39 35 48 49 104 150 165 171 142 110 117 127 125 114 96 68 48 47 52 120 170 198 168 137 62 105 138 137 140 138 130 137 152 157 158 163 147 149 151 112 82 91 110 121 125 131 151 162 155 147 179 186 159 147
128 115 68 64 51 43 32 61 49 79 192 157 149 133 109 96 163 172 170 169 90 77 57 81 67 31 41 38 35 50 37 29 25 32 34 33 35 39 42 39 40 41 43 45 43 39 38 40 59 46 112 145 124 137 136 100 95 132 141 116 90 69 51 41 56 132 171 205 168 119 56 102 129 122 118 121 128 143 154 150 151 160 131 120 132 108 81 78 124 143 146 141 151 153 137 123 131 141 132 114
110 106 56 46 46 41 17 47 47 66 112 111 109 89 92 105 94 108 118 114 91 58 53 77 75 34 33 36 35 48 43 36 30 30 34 43 47 46 43 41 35 53 35 33 49 44 45 47 51 60 101 127 139 136 120 129 128 147 160 149 89 62 30 47 56 126 205 199 155 89 48 107 149 82 119 114 128 155 154 126 136 164 126 129 150 101 69 71 76 79 82 85 93 106 110 108 110 123 132 130
126 98 78 63 53 42 38 28 43 64 91 87 90 72 81 76 81 79 70 70 75 68 68 83 71 33 38 43 41 49 42 33 49 44 38 37 38 42 47 51 63 73 82 106 112 55 39 47 118 111 110 135 157 114 130 113 146 150 146 108 61 48 28 32 69 108 171 182 169 114 50 80 137 110 126 107 121 130 122 111 117 134 118 103 128 127 94 95 87 97 85 58 69 110 128 115 98 109 115 109
131 102 122 90 50 36 75 54 70 89 91 92 105 88 109 90 96 96 81 65 64 68 81 100 67 33 37 42 42 51 46 39 41 41 47 57 75 97 119 130 126 119 130 152 153 71 50 52 130 122 100 150 200 145 194 165 162 165 164 107 68 48 32 27 70 110 176 188 164 104 45 75 121 158 170 130 114 93 102 128 116 115 138 120 98 84 78 137 90 81 97 125 125 89 64 62 51 60 67 66
135 118 141 120 85 97 154 148 89 99 86 107 130 104 133 111 114 119 106 87 83 88 97 114 78 41 43 44 39 51 51 48 68 80 93 108 124 141 153 160 164 153 153 148 143 76 62 48 119 125 104 155 193 157 192 161 186 177 174 101 57 25 25 34 74 121 197 196 148 84 38 81 122 140 121 98 100 92 86 72 70 62 98 123 123 109 98 118 127 137 148 148 131 99 65 41 70 69 65 60
118 105 82 74 61 88 100 102 73 77 70 108 131 90 108 87 87 87 76 74 92 99 90 86 85 49 51 49 41 51 51 50 98 115 131 138 142 145 145 142 153 151 155 148 124 66 59 49 114 125 105 123 111 103 91 71 78 72 95 70 59 30 33 49 92 128 193 188 146 99 58 86 136 132 112 109 105 114 105 64 56 78 80 85 101 138 161 127 100 96 90 85 82 85 94 102 111 98 86 82
129 129 94 82 60 67 51 62 76 80 89 119 135 90 91 76 78 85 87 88 94 86 74 74 70 38 45 49 43 54 55 56 96 118 136 142 145 149 153 150 150 145 142 148 105 65 78 97 153 165 166 171 150 183 151 155 126 104 111 99 85 54 36 46 107 142 207 196 156 131 104 125 145 150 156 154 124 129 119 101 78 102 79 65 61 89 142 126 109 70 45 52 52 44 63 99 84 70 60 63
116 122 119 105 81 67 70 91 98 105 121 120 129 109 109 100 115 129 135 132 119 100 98 117 80 44 48 47 38 52 60 66 105 125 143 142 140 143 144 142 158 148 119 128 88 101 124 138 167 169 177 188 185 215 189 197 143 119 97 70 41 47 53 84 116 164 237 216 167 153 142 163 151 147 142 143 141 144 82 70 63 66 65 77 84 77 70 61 76 73 54 40 65 113 133 126 111 103 99 104
134 113 123 108 91 66 84 84 103 111 125 96 103 111 124 123 119 118 116 123 129 119 120 138 125 80 68 52 34 47 59 69 95 120 140 140 135 135 134 127 148 146 97 103 83 149 157 130 188 170 162 158 150 132 97 82 92 108 114 97 51 61 62 94 130 177 245 218 171 167 153 163 158 179 180 167 164 149 63 90 82 111 139 99 68 67 54 73 58 45 47 71 97 98 78 59 77 80 90 105
136 108 128 131 122 125 105 96 88 104 113 88 73 80 73 85 89 88 81 88 102 130 102 99 137 164 135 115 110 109 127 113 87 77 68 93 96 95 110 80 49 114 57 66 34 110 127 103 134 106 129 137 154 172 158 186 193 173 165 95 53 61 55 85 125 142 157 182 159 152 149 172 165 151 148 148 139 135 127 114 106 91 81 78 55 81 85 104 119 84 73 82 80 68 64 64 65 65 66 66
150 141 161 157 146 148 138 142 131 97 104 47 57 68 101 86 94 85 88 83 86 100 93 100 112 116 110 100 123 153 158 162 158 154 129 87 43 45 65 43 46 84 44 42 34 71 92 65 109 124 179 184 179 175 143 152 122 127 149 102 61 56 40 61 87 115 152 158 138 113 133 164 179 161 168 137 150 116 137 134 147 144 154 137 91 84 101 143 110 75 70 87 85 66 60 63 54 57 63 69
141 153 162 144 132 133 133 153 142 122 117 79 131 115 111 118 106 95 100 86 68 77 85 99 127 106 107 96 122 152 132 144 132 121 112 63 28 63 104 120 111 90 60 54 66 47 96 107 143 126 130 113 122 142 117 111 96 93 103 59 27 26 14 32 82 106 155 150 139 102 129 155 139 159 163 106 138 151 154 109 122 113 137 134 120 93 86 108 92 61 54 71 66 49 47 53 54 55 58 59
143 159 152 126 117 113 114 135 134 92 117 141 118 112 107 105 132 129 120 106 72 103 101 107 107 93 93 93 116 131 117 126 99 75 99 90 70 85 93 110 111 96 89 77 84 48 81 87 99 105 124 107 92 85 57 50 64 57 67 53 49 54 34 33 58 66 87 89 91 82 110 136 140 155 143 141 116 100 84 107 94 61 58 43 71 67 66 73 78 58 50 55 52 54 64 68 58 59 61 63
142 157 142 125 120 107 99 106 71 95 101 96 103 98 93 146 146 158 132 127 94 155 128 119 92 98 82 93 106 99 112 119 165 131 140 117 81 76 66 75 69 91 91 75 90 107 122 99 105 85 70 47 32 31 37 57 42 34 38 32 37 42 27 22 53 49 42 52 51 78 103 135 148 149 125 126 90 85 74 97 83 75 72 35 54 53 47 47 52 50 48 42 41 62 78 72 76 74 70 67
136 145 134 137 132 110 102 96 80 94 156 116 104 105 141 125 139 158 124 123 114 175 132 121 114 125 91 89 83 65 87 91 142 132 132 98 62 72 86 86 70 77 88 108 126 134 120 103 62 42 29 37 50 55 53 54 68 68 68 58 45 38 38 44 62 69 62 73 48 58 58 78 91 120 138 100 81 98 108 77 80 102 110 79 86 77 41 26 49 56 62 50 44 60 71 61 86 80 70 61
144 143 138 151 137 113 125 125 128 145 166 107 121 98 92 83 130 144 119 106 131 154 112 112 102 103 84 70 67 61 64 69 48 65 86 89 66 61 74 53 76 78 108 125 115 68 34 28 38 61 78 89 87 88 100 106 101 122 141 151 142 123 116 112 112 116 117 113 94 76 64 65 64 75 131 147 93 58 80 89 96 108 91 68 76 85 53 59 70 69 76 75 65 68 79 79 74 71 68 65
142 132 124 139 113 92 131 143 168 124 97 81 76 92 97 111 134 138 126 98 148 128 96 108 82 73 75 53 56 64 35 39 69 61 57 82 71 54 77 66 94 122 138 71 44 41 63 65 77 98 103 109 119 128 124 100 141 146 144 151 148 137 134 128 119 102 98 80 92 82 92 87 73 46 57 129 98 127 106 74 77 95 81 73 71 81 53 83 58 45 52 65 60 59 80 99 77 74 71 67
115 124 136 96 64 92 112 111 107 69 107 94 93 87 92 105 138 102 101 96 111 118 86 101 100 66 72 60 53 46 33 37 54 63 58 58 65 71 66 69 96 67 37 36 57 76 81 79 98 101 113 119 117 123 126 116 119 124 118 101 87 89 92 94 87 89 66 95 112 110 77 91 58 75 41 47 83 98 105 86 66 82 104 99 72 99 77 74 61 51 47 56 78 65 82 76 80 54 90 80
115 101 102 84 69 73 66 67 83 121 135 121 155 131 105 107 89 98 127 91 69 89 77 81 81 59 42 40 37 52 61 82 88 81 62 48 52 61 64 69 20 44 46 57 69 68 80 78 88 92 101 95 78 78 84 80 79 82 78 69 66 70 69 66 66 61 61 71 68 73 67 61 75 75 48 45 66 72 80 86 50 71 101 98 67 91 88 103 45 66 83 84 99 86 94 71 74 76 102 96
82 68 80 94 106 95 70 80 127 145 135 103 99 97 112 93 105 127 76 122 115 74 127 78 87 113 117 121 71 57 33 63 65 61 56 52 58 52 41 26 32 64 51 54 67 64 71 68 55 61 71 64 47 47 58 58 62 58 50 42 43 48 50 49 45 39 61 55 38 45 63 45 79 67 58 52 59 65 68 94 63 64 78 79 65 88 90 101 70 95 115 114 114 86 93 78 91 96 70 63
85 101 122 133 152 142 108 113 113 101 99 79 73 109 160 190 231 136 96 240 177 125 224 36 169 249 157 202 120 54 87 73 72 57 57 53 69 69 64 41 53 56 40 23 31 29 18 34 40 40 47 50 49 57 61 53 51 46 37 29 21 16 21 26 30 32 60 51 46 37 56 47 63 57 71 59 59 70 63 86 91 81 79 75 63 74 86 94 109 106 111 115 110 68 87 101 99 121 73 75
84 114 128 113 133 152 121 104 63 63 75 54 71 71 52 161 162 42 87 217 182 191 218 44 185 206 114 138 74 65 67 62 50 38 56 56 74 66 64 32 70 67 99 86 81 77 43 80 67 55 53 61 70 77 66 41 36 42 52 52 34 13 6 11 21 31 48 46 64 33 31 46 44 46 69 54 50 72 66 72 91 97 103 88 62 61 96 117 113 102 99 100 102 73 99 112 97 154 145 161
84 97 93 63 85 124 100 65 40 22 63 65 69 75 48 174 198 65 96 224 199 197 219 81 202 205 144 156 79 79 67 61 58 57 99 96 98 74 76 43 65 57 104 113 117 122 85 97 96 81 74 78 83 87 75 48 18 31 56 72 61 31 10 8 27 38 42 49 69 36 19 41 34 42 60 50 47 73 82 78 82 90 94 82 73 74 117 125 104 117 117 104 112 104 122 105 74 110 119 130
105 95 89 64 61 81 61 31 48 22 56 60 41 65 68 157 208 44 72 229 151 151 255 95 186 250 139 195 94 31 128 70 68 65 102 69 49 28 73 71 71 70 89 109 115 128 125 84 98 95 96 89 78 82 89 84 28 23 32 57 65 51 36 34 42 50 52 64 58 50 38 46 43 52 61 65 52 62 88 82 75 77 74 67 83 91 129 112 110 128 127 111 124 125 144 119 112 101 114 108
64 49 68 66 50 49 40 31 22 57 52 44 56 62 35 116 106 63 75 119 107 109 122 63 119 134 141 167 82 85 104 88 55 63 113 72 37 11 70 80 56 92 97 119 98 101 141 74 92 102 111 93 66 70 98 115 83 49 31 51 76 86 88 93 54 54 61 74 40 60 63 52 63 70 73 86 59 39 69 61 69 83 85 72 82 84 129 109 112 113 112 106 124 123 153 150 122 104 149 139
52 48 42 41 45 47 42 35 33 40 38 64 58 80 129 111 117 132 125 82 81 65 75 87 81 84 73 87 145 142 139 127 155 107 162 168 90 95 104 73 59 114 140 138 163 154 175 153 108 128 137 142 100 30 59 49 107 116 109 119 112 125 116 117 128 113 81 91 43 38 127 135 160 159 151 164 167 140 136 74 55 69 117 131 139 141 106 138 147 138 134 130 155 146 109 153 144 115 66 146
56 54 50 44 41 42 44 41 52 41 69 43 67 114 225 247 255 255 252 228 231 212 220 234 159 56 116 232 254 218 233 235 246 250 248 236 238 218 143 84 101 192 247 251 255 244 255 237 238 240 238 232 205 67 18 98 238 248 242 239 230 232 226 226 228 222 137 62 106 174 253 240 239 254 255 255 255 242 242 201 73 82 196 235 255 233 223 231 245 228 239 255 255 198 109 151 146 134 59 80
39 54 66 66 58 52 44 36 63 47 90 61 88 141 224 238 255 243 246 242 247 224 231 238 167 88 180 246 237 244 255 223 222 244 245 241 255 251 185 76 65 175 239 243 255 252 252 239 235 238 255 250 246 111 14 113 242 251 251 240 238 239 249 253 243 250 166 73 186 234 237 217 252 250 243 245 242 242 250 229 86 75 195 255 255 249 254 250 240 245 255 255 255 217 73 66 125 149 82 48
52 70 82 83 77 70 59 46 87 77 80 86 84 143 223 249 255 244 249 238 242 222 224 220 187 146 220 245 241 234 235 254 235 243 249 243 238 238 207 68 78 199 254 242 250 243 233 235 242 230 253 247 239 119 37 105 255 255 255 242 235 229 243 251 236 244 178 98 213 255 235 255 234 246 255 255 252 246 249 250 90 97 176 255 239 255 238 232 243 245 251 237 246 236 88 62 92 144 143 115
109 109 100 86 79 83 79 68 74 84 66 89 67 94 216 253 255 255 255 218 225 228 241 232 158 150 227 248 255 253 235 254 220 227 244 250 255 249 210 76 46 188 255 255 255 255 223 237 253 255 252 255 255 108 57 139 245 251 254 255 245 236 244 255 234 240 187 121 190 253 232 255 255 237 240 217 252 255 236 220 70 118 194 255 250 255 249 244 243 237 249 250 255 219 83 72 72 97 128 115
141 135 116 94 88 89 80 63 83 96 92 109 116 101 240 245 247 250 196 98 85 85 83 71 93 125 230 235 235 255 231 122 89 87 197 255 247 239 226 82 71 197 246 242 250 202 80 55 143 255 249 248 255 119 76 156 255 255 248 244 180 131 101 122 109 106 105 136 217 255 245 255 188 120 129 104 212 254 255 247 67 104 179 166 181 178 237 250 241 255 248 195 183 144 66 57 83 71 98 106
138 137 124 104 98 98 85 62 67 73 71 74 101 120 252 249 245 254 180 75 84 92 88 86 105 111 219 255 248 248 214 75 56 34 201 255 235 238 237 83 94 209 248 249 255 206 54 26 104 255 255 246 255 135 93 140 255 255 247 255 156 97 63 110 103 79 80 133 240 255 252 255 166 133 200 145 232 233 244 255 88 79 139 102 108 112 232 250 238 251 186 63 54 44 50 45 82 68 68 65
138 139 122 101 99 108 106 91 52 84 93 93 77 136 234 248 244 254 172 69 90 93 78 78 89 104 194 250 248 238 218 105 102 87 205 237 255 255 214 84 74 208 255 253 253 202 86 105 171 255 255 255 245 132 112 151 247 255 240 255 151 102 84 159 104 107 92 93 223 255 255 253 184 124 185 121 242 244 246 245 80 51 116 128 117 138 249 247 247 248 187 96 109 64 74 66 63 80 73 61
133 188 123 98 125 125 98 132 107 91 104 109 73 111 255 251 243 248 183 74 81 58 79 83 86 91 205 238 240 244 222 82 82 88 211 246 249 249 225 106 71 205 249 248 253 210 142 85 150 255 255 255 239 132 87 149 250 255 241 237 174 58 101 134 97 81 108 106 167 255 255 251 162 92 127 133 183 189 213 198 58 65 53 106 95 114 239 255 245 232 218 61 92 61 61 73 84 54 67 61
117 172 131 108 134 127 96 97 109 107 92 78 72 120 250 248 240 244 169 65 68 44 80 83 76 89 208 238 241 243 215 79 70 82 213 255 255 251 216 88 89 203 255 255 250 197 146 106 156 251 242 247 251 144 78 115 231 255 250 246 153 45 97 138 101 59 92 106 221 255 248 244 186 99 121 120 95 102 74 108 85 90 132 119 119 133 237 243 255 243 186 73 60 49 63 72 32 44 78 53
118 144 108 92 141 147 108 54 88 109 86 60 69 122 243 246 236 248 172 92 89 58 97 94 87 103 217 233 235 238 209 85 77 86 214 249 251 249 218 91 102 205 255 255 244 198 156 129 148 248 248 251 255 141 82 124 248 255 244 242 133 41 76 98 66 55 91 112 215 238 237 255 218 144 119 163 111 135 94 124 148 88 125 103 116 145 225 255 254 244 184 98 82 51 57 36 39 19 39 31
111 116 89 69 121 144 131 58 57 86 86 70 65 113 242 247 250 254 172 107 97 60 91 80 80 97 219 234 239 243 206 90 88 94 215 246 247 248 219 91 70 195 249 250 255 215 155 145 155 252 255 251 250 131 88 146 253 255 242 244 130 63 86 96 51 67 67 99 173 255 244 223 247 210 103 153 100 119 93 34 139 84 102 111 103 161 214 254 247 246 200 90 124 80 60 15 78 35 36 25
81 97 94 67 88 112 139 98 57 61 79 84 62 110 253 244 247 236 158 104 90 60 81 71 65 73 213 242 247 251 208 91 91 101 225 254 253 247 207 70 79 208 247 240 255 205 146 203 171 248 246 242 251 123 87 151 255 255 254 234 104 40 59 69 56 106 108 109 108 194 241 238 234 241 143 137 89 124 124 33 102 110 113 87 62 142 238 250 254 255 187 38 107 118 78 59 40 43 66 35
72 86 87 77 83 98 126 101 82 59 67 78 63 119 255 237 255 255 224 203 202 188 189 183 108 78 213 242 240 250 215 100 111 117 234 254 250 245 207 69 74 193 244 247 255 159 85 175 167 243 253 250 254 109 97 191 250 255 255 255 189 162 187 192 175 152 97 71 88 135 224 246 244 255 233 146 62 79 73 28 89 81 76 42 54 104 250 255 250 255 160 12 55 135 96 109 42 33 57 43
92 89 74 91 93 99 96 73 83 75 66 63 65 127 255 234 252 246 255 254 253 254 238 247 153 86 215 246 233 247 219 104 118 122 233 249 246 245 212 75 62 168 245 255 255 170 73 112 178 249 255 255 254 98 113 239 255 255 255 251 243 232 248 239 233 202 97 66 69 58 153 255 245 246 255 196 93 49 40 38 57 23 33 51 82 106 229 247 246 251 156 23 21 100 111 118 105 59 61 52
101 102 83 108 93 82 69 61 61 90 76 55 67 126 246 237 255 252 255 243 226 234 217 244 144 65 211 255 245 253 215 89 91 102 226 252 252 248 204 60 157 218 255 243 250 243 192 196 222 255 255 252 255 99 114 244 255 255 255 242 243 226 243 241 236 221 69 81 87 57 83 209 255 246 251 254 157 43 36 32 44 31 38 58 52 117 227 255 255 249 173 30 5 45 123 109 90 80 94 60
96 106 119 82 79 88 61 102 67 58 80 75 90 131 252 241 255 255 234 228 242 240 241 253 153 77 213 255 252 255 211 74 79 81 217 253 248 255 224 71 175 246 237 255 255 242 237 241 241 237 255 252 169 24 119 222 247 254 244 237 239 218 255 244 255 241 64 51 65 21 44 79 244 253 255 243 255 136 46 44 91 80 47 33 38 103 246 255 255 247 190 82 91 74 141 123 78 66 108 92
93 96 92 73 96 105 99 93 62 61 95 90 86 114 240 246 255 255 208 134 137 138 139 138 83 93 212 255 255 255 175 88 88 92 224 253 243 246 219 73 140 244 250 255 255 255 232 225 219 255 236 244 97 115 80 180 251 255 255 249 227 167 191 192 183 185 77 75 59 42 58 58 135 255 253 255 243 218 90 15 120 123 107 38 104 129 238 253 251 249 182 109 103 99 143 132 73 75 104 107
70 78 78 60 95 112 137 94 73 52 77 86 98 123 242 245 255 250 166 46 53 49 54 64 78 89 202 255 255 253 186 72 71 84 224 255 250 249 219 77 156 255 249 234 247 245 219 242 232 238 253 252 214 102 60 145 251 255 248 227 157 40 31 51 63 86 102 111 82 44 71 59 59 189 255 246 241 249 166 39 119 160 153 64 97 95 237 252 254 255 165 91 71 106 131 113 72 88 91 108
64 65 95 69 84 101 150 124 93 50 60 78 103 131 246 246 255 255 192 71 87 66 74 108 96 84 192 255 250 250 215 77 78 90 220 255 254 253 222 87 96 211 245 255 255 192 78 87 154 243 246 255 255 121 76 102 235 255 252 248 170 49 47 92 86 79 126 107 104 42 92 106 78 105 250 248 240 237 225 149 133 154 147 146 98 68 247 255 241 253 161 112 100 109 96 67 59 83 58 76
110 60 116 102 101 94 135 164 109 62 68 79 94 116 238 252 253 250 192 66 75 53 56 94 67 80 189 249 250 244 213 106 117 116 224 247 248 248 219 92 110 212 245 250 255 193 57 74 96 255 239 252 233 162 91 123 245 255 251 248 158 45 47 90 49 68 112 125 148 91 70 76 100 120 159 251 232 249 242 243 147 106 118 166 145 109 234 250 255 239 156 119 135 99 87 72 64 92 57 63
164 67 106 123 128 105 121 177 117 60 58 74 100 129 247 252 250 255 201 64 55 55 49 68 67 46 181 255 246 247 211 84 117 121 228 251 255 248 209 81 82 194 245 237 255 214 71 75 120 233 255 255 254 155 63 150 237 251 242 245 158 81 89 109 26 91 87 118 125 125 77 90 81 157 70 181 240 251 243 242 152 122 150 110 156 185 252 255 255 253 157 65 93 80 96 75 74 104 82 65
162 90 92 114 133 141 144 155 108 53 53 75 112 147 255 250 255 244 194 78 60 76 61 75 91 33 178 255 242 255 211 85 106 117 228 255 255 251 210 89 104 202 255 243 250 208 60 67 114 249 255 253 235 166 47 114 246 255 247 250 161 114 116 92 24 78 62 108 128 133 89 76 100 128 57 110 245 240 250 224 112 110 106 58 80 143 240 247 232 255 167 54 74 72 95 74 64 95 104 69
130 120 93 95 126 176 184 135 93 60 77 92 108 134 251 254 255 230 183 108 88 102 77 103 82 68 186 231 255 255 195 154 128 133 232 245 252 249 223 120 101 179 253 255 255 203 58 85 129 255 249 248 255 156 88 117 244 255 247 248 159 129 122 65 128 89 51 102 205 219 230 192 158 82 85 114 228 254 255 249 139 105 44 132 81 97 252 255 255 252 153 76 84 62 108 155 68 106 142 102
82 150 143 157 130 176 193 113 86 58 118 137 108 117 255 255 254 254 184 123 73 93 103 88 95 54 200 245 253 254 213 85 120 143 240 237 248 255 208 127 80 196 248 233 255 205 61 41 135 255 255 255 255 170 80 106 252 255 244 243 181 130 133 76 113 107 87 109 196 255 255 255 178 89 82 108 226 254 255 255 132 108 60 59 59 138 255 242 246 255 172 88 96 76 88 118 150 79 159 150
49 156 114 131 163 142 201 138 120 113 157 165 126 128 244 255 255 255 189 164 144 152 141 103 85 71 176 255 244 255 225 124 122 145 249 255 249 249 221 158 78 179 255 255 251 211 109 67 106 241 243 247 250 177 81 127 253 255 254 254 197 157 170 125 64 153 141 101 191 255 247 240 161 84 92 144 255 253 246 255 143 129 71 56 81 130 234 255 255 248 169 94 100 80 75 61 154 168 66 201
71 106 157 92 155 124 155 142 141 125 134 148 130 155 249 252 255 251 165 147 155 174 176 127 101 112 182 255 249 255 218 141 102 108 204 255 249 245 225 134 140 203 245 242 251 180 82 112 104 242 250 248 247 185 72 138 249 255 246 236 177 140 153 122 57 155 174 149 219 255 239 255 130 73 76 126 242 252 253 255 107 76 86 74 47 86 232 255 248 255 153 67 116 109 99 117 89 187 127 148
63 92 133 129 109 127 159 140 132 103 103 131 110 160 255 248 255 255 180 134 137 151 168 121 110 134 199 255 255 255 252 207 179 168 223 255 254 255 226 95 171 213 235 249 255 187 61 92 112 248 255 252 247 188 58 133 255 255 255 251 213 195 214 198 131 151 167 168 202 254 237 255 198 168 142 146 231 251 253 255 90 53 111 91 41 84 242 255 255 243 163 78 72 83 127 134 123 139 174 110
76 81 160 112 109 124 141 125 109 74 89 114 59 110 237 234 244 253 183 146 153 141 145 112 102 132 189 243 254 249 255 253 237 234 251 255 237 255 222 92 158 190 241 246 245 207 104 56 100 230 254 245 245 185 63 132 251 255 255 252 234 231 252 245 236 228 170 131 171 255 251 243 255 255 237 219 251 249 250 254 100 84 113 63 70 128 230 245 235 255 164 61 76 52 65 118 128 138 152 129
88 88 171 85 115 129 85 115 118 63 64 77 40 95 241 254 253 224 164 148 180 153 135 127 84 116 176 254 252 255 245 251 234 240 246 251 251 255 199 97 170 214 255 245 244 204 106 79 94 222 255 248 248 178 89 142 255 255 255 246 231 232 240 241 249 255 140 102 184 255 236 237 231 242 241 243 242 227 246 255 92 73 107 51 57 154 249 252 255 241 172 93 73 50 79 96 79 111 145 114
62 134 77 137 111 127 118 124 127 80 66 71 82 110 230 255 255 222 169 131 179 173 137 132 82 80 150 226 254 255 246 246 239 242 247 255 255 249 147 113 163 222 255 255 255 197 72 75 92 215 255 245 240 153 109 149 255 255 255 255 245 248 255 255 244 255 136 145 217 255 240 255 255 255 255 255 255 249 255 237 94 66 118 73 46 163 254 252 255 255 162 80 88 45 43 87 102 49 100 92
112 104 118 129 151 97 160 116 83 80 86 86 108 75 149 185 194 174 148 91 158 192 153 135 110 47 107 129 196 206 203 196 179 188 203 216 208 165 85 145 129 160 207 197 188 163 77 34 73 196 245 229 220 124 113 146 200 212 221 206 191 191 195 210 216 218 112 128 146 187 208 204 205 207 197 206 201 210 188 99 106 99 111 57 64 158 186 205 199 192 127 68 65 20 27 61 75 69 70 83
144 77 135 144 146 103 154 101 83 173 54 92 109 103 41 103 63 19 75 96 121 136 126 94 138 107 155 93 38 64 79 57 11 12 71 92 91 77 109 112 138 80 42 66 78 67 90 79 72 85 90 62 65 76 125 117 109 74 76 66 94 90 17 39 62 46 89 106 111 58 69 30 80 11 52 65 28 39 101 67 117 90 104 124 33 110 77 88 40 22 89 142 110 79 65 67 97 51 36 44
139 112 83 126 146 111 165 124 90 137 164 86 94 126 77 119 69 46 91 89 106 124 114 93 132 134 181 134 80 61 95 122 56 20 56 105 123 93 117 142 114 81 68 113 100 73 78 73 76 86 98 88 90 86 115 98 116 125 136 93 115 153 109 118 103 101 122 113 125 100 127 99 115 106 64 80 54 82 81 121 57 146 75 129 122 77 167 134 95 73 104 124 114 119 130 148 90 64 65 76
153 138 54 102 131 121 129 116 133 68 160 91 94 120 75 102 63 63 95 73 82 101 91 90 107 162 105 194 90 116 63 141 101 43 43 90 124 90 90 117 151 103 69 117 83 70 75 100 120 117 124 129 126 103 106 84 88 94 126 112 107 93 52 87 61 93 111 90 111 100 121 98 109 134 81 102 88 103 66 121 61 112 90 71 159 157 115 153 105 104 112 100 113 131 132 142 88 95 120 140
195 151 91 111 137 155 104 110 161 45 81 105 88 98 55 68 54 63 84 63 71 84 71 95 89 121 103 129 188 84 74 95 121 75 44 62 97 86 65 64 168 108 69 141 104 90 57 75 38 29 42 87 112 109 122 115 80 72 129 165 146 80 41 107 40 98 120 105 131 116 123 109 107 101 119 133 126 108 107 106 74 69 106 123 83 145 119 124 97 126 129 95 129 141 113 101 104 132 163 172
